== real covers, P+R in 1..=8 (ns/code, best of 3) ==
   P,R  coverage    rows  rows_tbl    av_c4t  av_shape  av_shp64  ORIGINAL   r2g_sub    r6g_64   r6g_256   r6g_512
   1,0  0.000000       3     1.752     0.458     0.126     0.126     0.199     0.224     0.202     0.173     0.189  clickbench-url-1m-gen1-s42.contains.L64.s0.r3
   1,0  0.000000       5     1.734     0.472     0.168     0.141     0.235     0.230     0.208     0.220     0.237  clickbench-url-1m-gen1-s42.contains.L16.s0.r1
   1,0  0.000001      10     1.725     0.462     0.151     0.129     0.229     0.266     0.237     0.185     0.217  clickbench-url-1m-gen1-s42.contains.L32.s0.r3
   1,0  0.000002      22     1.722     0.497     0.204     0.153     0.271     0.248     0.248     0.208     0.197  clickbench-url-1m-gen1-s42.contains.L16.s0.r4
   1,0  0.000002      27     1.741     0.480     0.158     0.137     0.232     0.232     0.228     0.214     0.206  clickbench-url-1m-gen1-s42.contains.L64.s0.r4
   1,0  0.000005      52     1.715     0.496     0.143     0.122     0.242     0.223     0.250     0.213     0.212  clickbench-url-1m-gen1-s42.contains.L32.s1e-5.r1
   1,0  0.000007      70     1.733     0.486     0.158     0.137     0.225     0.233     0.230     0.194     0.231  clickbench-url-1m-gen1-s42.contains.L64.s0.r0
   1,0  0.000014     151     1.732     0.453     0.146     0.133     0.231     0.227     0.200     0.177     0.205  clickbench-url-1m-gen1-s42.contains.L64.s1e-5.r2
   1,0  0.000024     263     1.702     0.474     0.174     0.161     0.274     0.263     0.266     0.209     0.217  clickbench-url-1m-gen1-s42.contains.L8.s0.r4
   1,0  0.000075     817     1.706     0.540     0.249     0.191     0.247     0.227     0.238     0.223     0.210  clickbench-url-1m-gen1-s42.contains.L32.s1e-3.r2
   1,0  0.000081     874     1.715     0.498     0.177     0.159     0.242     0.240     0.239     0.253     0.260  clickbench-url-1m-gen1-s42.contains.L64.s1e-3.r0
   2,0  0.000012     126     1.719     0.471     0.194     0.195     0.294     0.287     0.248     0.196     0.236  clickbench-url-1m-gen1-s42.contains.L32.s1e-4.r0
   0,1  0.000028     309     1.716     0.501     0.190     0.162     0.250     0.234     0.229     0.195     0.232  clickbench-url-1m-gen1-s42.contains.L4.s0.r3
   0,1  0.000091     988     1.706     0.494     0.175     0.159     0.231     0.253     0.244     0.228     0.266  clickbench-url-1m-gen1-s42.contains.L8.s1e-4.r1
   0,1  0.000156    1688     1.725     0.537     0.251     0.225     0.363     0.324     0.354     0.296     0.321  clickbench-url-1m-gen1-s42.contains.L32.s1e-3.r1
   2,0  0.005445   59051     1.732     0.891     0.593     0.655     0.530     0.503     0.554     0.494     0.510  clickbench-url-1m-gen1-s42.contains.L16.s1e-1.r3
   1,1  0.000017     181     1.750     0.483     0.208     0.193     0.348     0.401     0.396     0.328     0.396  clickbench-url-1m-gen1-s42.contains.L64.s1e-4.r0
   3,0  0.000023     245     1.751     0.546     0.311     0.254     0.306     0.357     0.330     0.286     0.392  clickbench-url-1m-gen1-s42.contains.L8.s1e-4.r0
   1,1  0.000053     578     1.803     0.577     0.283     0.267     0.378     0.444     0.443     0.360     0.384  clickbench-url-1m-gen1-s42.contains.L8.s0.r0
   3,0  0.000257    2776     1.737     0.570     0.315     0.291     0.340     0.365     0.402     0.333     0.350  clickbench-url-1m-gen1-s42.contains.L32.s1e-3.r3
   3,0  0.005459   59199     1.754     0.899     0.634     0.685     0.565     0.548     0.557     0.519     0.547  clickbench-url-1m-gen1-s42.contains.L16.s1e-1.r4
   2,1  0.000207    2198     1.737     0.605     0.356     0.324     0.415     0.432     0.482     0.435     0.492  clickbench-url-1m-gen1-s42.contains.L32.s1e-5.r2
   2,1  0.001732   18586     1.763     0.864     0.511     0.506     0.479     0.487     0.496     0.456     0.510  clickbench-url-1m-gen1-s42.contains.L8.s1e-2.r1
   2,1  0.006996   75868     1.666     0.823     0.568     0.594     0.490     0.490     0.522     0.481     0.504  clickbench-url-1m-gen1-s42.contains.L16.s1e-1.r2
   2,1  0.012864  139515     1.640     0.913     0.662     0.794     0.587     0.571     0.580     0.530     0.567  clickbench-url-1m-gen1-s42.contains.L16.s1e-1.r1
   5,0  0.000162    1545     1.745     0.579     0.367     0.322     0.370     0.418     0.454     0.407     0.389  clickbench-url-1m-gen1-s42.contains.L4.s0.r1
   1,2  0.001062   11240     1.787     0.731     0.477     0.423     0.409     0.442     0.449     0.447     0.476  clickbench-url-1m-gen1-s42.contains.L4.s1e-4.r0
   3,1  0.006447   69888     1.591     0.823     0.590     0.675     0.516     0.493     0.539     0.525     0.526  clickbench-url-1m-gen1-s42.contains.L8.s1e-1.r3
   1,2  0.012994  140839     1.639     0.995     0.775     0.887     0.616     0.599     0.630     0.586     0.626  clickbench-url-1m-gen1-s42.contains.L8.s1e-1.r1
   2,2  0.000036     386     1.792     0.561     0.327     0.314     0.455     0.432     0.421     0.362     0.411  clickbench-url-1m-gen1-s42.contains.L16.s1e-4.r0
   0,3  0.007810   84694     1.717     1.040     0.829     0.987     0.642     0.635     0.657     0.591     0.611  clickbench-url-1m-gen1-s42.contains.L32.s1e-1.r1
   2,2  0.031059  336043     1.339     1.320     1.104     1.427     0.797     0.803     0.811     0.757     0.786  clickbench-url-1m-gen1-s42.contains.L16.s0.3.r3
   0,3  0.040396  401060     1.445     1.791     1.565     1.853     0.849     0.849     0.828     0.799     0.823  clickbench-url-1m-gen1-s42.contains.L16.s0.3.r4
   1,3  0.001502   16091     1.734     0.680     0.469     0.464     0.440     0.464     0.521     0.491     0.490  clickbench-url-1m-gen1-s42.contains.L4.s1e-2.r1
   3,3  0.031092  336192     1.352     1.377     1.393     1.387     0.868     0.844     0.860     0.810     0.822  clickbench-url-1m-gen1-s42.contains.L16.s0.3.r0
   5,2  0.044474  481961     1.275     1.316     1.326     1.278     0.823     0.833     0.873     0.799     0.841  clickbench-url-1m-gen1-s42.contains.L8.s0.5.r1
   8,1  0.044430  481733     1.260     1.336     1.338     1.317     0.865     0.853     0.843     0.793     0.836  clickbench-url-1m-gen1-s42.contains.L16.s0.5.r0
   3,4  0.001800   19422     1.778     0.967     0.905     0.908     0.537     0.537     0.552     0.550     0.528  clickbench-url-1m-gen1-s42.contains.L8.s1e-2.r3
   4,4  0.031524  339965     1.358     1.516     1.389     1.756     0.945     0.908     0.894     0.850     0.841  clickbench-url-1m-gen1-s42.contains.L8.s1e-2.r2
   2,6  0.052599  371331     1.500     2.284     2.294     2.313     1.420     1.391     1.133     1.068     1.082  clickbench-url-1m-gen1-s42.contains.L4.s1e-1.r1
   7,4  0.000198    2142     1.755     0.623     0.584     0.577     0.570     0.548     0.564     0.555     0.576  clickbench-url-1m-gen1-s42.contains.L8.s1e-3.r0
   7,4  0.031815  343258     1.331     1.402     1.412     1.396     0.939     0.921     0.911     0.873     0.928  clickbench-url-1m-gen1-s42.contains.L4.s0.3.r2
   6,5  0.040612  402388     1.491     1.853     1.863     1.812     1.091     1.044     1.030     1.006     1.017  clickbench-url-1m-gen1-s42.contains.L8.s0.3.r1
   5,6  0.007606   81910     1.578     1.056     1.033     1.085     0.672     0.665     0.679     0.696     0.715  clickbench-url-1m-gen1-s42.contains.L4.s1e-1.r4
   8,7  0.031336  335383     1.381     1.481     1.560     1.542     1.065     1.036     0.980     0.952     0.942  clickbench-url-1m-gen1-s42.contains.L8.s0.3.r0
  17,5  0.001162   12169     1.753     0.830     0.772     0.720     0.792     0.779     0.744     0.788     0.786  clickbench-url-1m-gen1-s42.contains.L4.s1e-2.r2
  20,5  0.001077   11580     1.807     0.821     0.811     0.851     0.909     0.890     0.866     0.844     0.853  clickbench-url-1m-gen1-s42.contains.L4.s1e-2.r4
  26,6  0.007567   72902     1.785     1.363     1.355     1.334     1.120     1.106     1.102     1.101     1.068  clickbench-url-1m-gen1-s42.contains.L2.s1e-2.r2
