== real covers, P+R in 1..=8 (ns/code, best of 3) ==
   P,R  coverage    rows  rows_tbl    av_c4t  av_shape  ORIGINAL   r2g_sub    r6g_64   r6g_256   r6g_512
   1,0  0.000000       3     1.697     0.620     0.233     0.267     0.244     0.261     0.225     0.237  clickbench-url-1m-gen1-s42.contains.L64.s0.r3
   1,0  0.000000       5     1.659     0.588     0.166     0.210     0.226     0.213     0.180     0.202  clickbench-url-1m-gen1-s42.contains.L16.s0.r1
   1,0  0.000001      10     1.654     0.589     0.184     0.226     0.227     0.219     0.190     0.222  clickbench-url-1m-gen1-s42.contains.L32.s0.r3
   1,0  0.000002      22     1.673     0.616     0.213     0.255     0.234     0.246     0.232     0.224  clickbench-url-1m-gen1-s42.contains.L16.s0.r4
   1,0  0.000002      27     1.655     0.615     0.172     0.210     0.205     0.242     0.201     0.203  clickbench-url-1m-gen1-s42.contains.L64.s0.r4
   1,0  0.000005      52     1.662     0.608     0.211     0.246     0.256     0.272     0.225     0.214  clickbench-url-1m-gen1-s42.contains.L32.s1e-5.r1
   1,0  0.000007      70     1.719     0.658     0.226     0.274     0.225     0.204     0.193     0.216  clickbench-url-1m-gen1-s42.contains.L64.s0.r0
   1,0  0.000014     151     1.663     0.636     0.194     0.248     0.261     0.227     0.195     0.198  clickbench-url-1m-gen1-s42.contains.L64.s1e-5.r2
   1,0  0.000024     263     1.651     0.645     0.211     0.227     0.219     0.206     0.231     0.248  clickbench-url-1m-gen1-s42.contains.L8.s0.r4
   1,0  0.000075     817     1.671     0.621     0.217     0.303     0.290     0.223     0.198     0.234  clickbench-url-1m-gen1-s42.contains.L32.s1e-3.r2
   1,0  0.000081     874     1.650     0.711     0.246     0.276     0.253     0.258     0.235     0.252  clickbench-url-1m-gen1-s42.contains.L64.s1e-3.r0
   2,0  0.000012     126     1.681     0.620     0.196     0.223     0.214     0.247     0.264     0.255  clickbench-url-1m-gen1-s42.contains.L32.s1e-4.r0
   0,1  0.000028     309     1.666     0.653     0.237     0.207     0.232     0.246     0.204     0.250  clickbench-url-1m-gen1-s42.contains.L4.s0.r3
   0,1  0.000091     988     1.661     0.690     0.316     0.311     0.292     0.277     0.248     0.226  clickbench-url-1m-gen1-s42.contains.L8.s1e-4.r1
   0,1  0.000156    1688     1.655     0.697     0.305     0.322     0.289     0.353     0.251     0.311  clickbench-url-1m-gen1-s42.contains.L32.s1e-3.r1
   2,0  0.005445   59051     1.672     0.978     0.600     0.490     0.466     0.456     0.475     0.450  clickbench-url-1m-gen1-s42.contains.L16.s1e-1.r3
   1,1  0.000017     181     1.647     0.646     0.266     0.321     0.301     0.257     0.236     0.332  clickbench-url-1m-gen1-s42.contains.L64.s1e-4.r0
   3,0  0.000023     245     1.651     0.720     0.259     0.292     0.295     0.326     0.238     0.241  clickbench-url-1m-gen1-s42.contains.L8.s1e-4.r0
   1,1  0.000053     578     1.662     0.650     0.253     0.329     0.320     0.303     0.287     0.308  clickbench-url-1m-gen1-s42.contains.L8.s0.r0
   3,0  0.000257    2776     1.645     0.675     0.314     0.379     0.352     0.364     0.334     0.369  clickbench-url-1m-gen1-s42.contains.L32.s1e-3.r3
   3,0  0.005459   59199     1.742     0.984     0.639     0.508     0.524     0.511     0.468     0.548  clickbench-url-1m-gen1-s42.contains.L16.s1e-1.r4
   2,1  0.000207    2198     1.739     0.765     0.447     0.430     0.433     0.398     0.363     0.360  clickbench-url-1m-gen1-s42.contains.L32.s1e-5.r2
   2,1  0.001732   18586     1.667     0.861     0.541     0.422     0.426     0.410     0.411     0.465  clickbench-url-1m-gen1-s42.contains.L8.s1e-2.r1
   2,1  0.006996   75868     1.598     0.903     0.657     0.543     0.510     0.493     0.462     0.472  clickbench-url-1m-gen1-s42.contains.L16.s1e-1.r2
   2,1  0.012864  139515     1.583     1.022     0.739     0.626     0.608     0.545     0.508     0.562  clickbench-url-1m-gen1-s42.contains.L16.s1e-1.r1
   5,0  0.000162    1545     1.663     0.694     0.436     0.422     0.407     0.369     0.327     0.358  clickbench-url-1m-gen1-s42.contains.L4.s0.r1
   1,2  0.001062   11240     1.653     0.911     0.649     0.474     0.460     0.448     0.430     0.460  clickbench-url-1m-gen1-s42.contains.L4.s1e-4.r0
   3,1  0.006447   69888     1.554     1.010     0.715     0.547     0.533     0.481     0.479     0.531  clickbench-url-1m-gen1-s42.contains.L8.s1e-1.r3
   1,2  0.012994  140839     1.580     1.086     0.830     0.561     0.595     0.562     0.563     0.539  clickbench-url-1m-gen1-s42.contains.L8.s1e-1.r1
   2,2  0.000036     386     1.705     0.628     0.334     0.335     0.306     0.286     0.279     0.346  clickbench-url-1m-gen1-s42.contains.L16.s1e-4.r0
   0,3  0.007810   84694     1.620     1.187     0.890     0.639     0.615     0.604     0.552     0.558  clickbench-url-1m-gen1-s42.contains.L32.s1e-1.r1
   2,2  0.031059  336043     1.273     1.460     1.290     0.859     0.847     0.788     0.753     0.737  clickbench-url-1m-gen1-s42.contains.L16.s0.3.r3
   0,3  0.040396  401060     1.418     1.962     1.690     0.896     0.880     0.765     0.816     0.831  clickbench-url-1m-gen1-s42.contains.L16.s0.3.r4
   1,3  0.001502   16091     1.690     0.853     0.573     0.453     0.436     0.408     0.404     0.424  clickbench-url-1m-gen1-s42.contains.L4.s1e-2.r1
   3,3  0.031092  336192     1.252     1.475     1.454     0.862     0.844     0.780     0.751     0.764  clickbench-url-1m-gen1-s42.contains.L16.s0.3.r0
   5,2  0.044474  481961     1.232     1.435     1.390     0.776     0.795     0.739     0.759     0.752  clickbench-url-1m-gen1-s42.contains.L8.s0.5.r1
   8,1  0.044430  481733     1.260     1.408     2.332     0.852     0.873     0.775     0.805     0.752  clickbench-url-1m-gen1-s42.contains.L16.s0.5.r0
   3,4  0.001800   19422     1.697     1.052     0.987     0.547     0.538     0.536     0.537     0.551  clickbench-url-1m-gen1-s42.contains.L8.s1e-2.r3
   4,4  0.031524  339965     1.248     1.576     1.570     0.899     0.925     0.813     0.805     0.795  clickbench-url-1m-gen1-s42.contains.L8.s1e-2.r2
   2,6  0.052599  371331     1.427     2.345     2.364     1.361     1.366     1.037     1.024     0.999  clickbench-url-1m-gen1-s42.contains.L4.s1e-1.r1
   7,4  0.000198    2142     1.689     0.720     0.717     0.570     0.594     0.549     0.541     0.542  clickbench-url-1m-gen1-s42.contains.L8.s1e-3.r0
   7,4  0.031815  343258     1.268     1.518     1.526     0.957     0.947     0.915     0.867     0.838  clickbench-url-1m-gen1-s42.contains.L4.s0.3.r2
   6,5  0.040612  402388     1.415     1.948     1.982     1.070     1.097     0.944     0.978     0.933  clickbench-url-1m-gen1-s42.contains.L8.s0.3.r1
   5,6  0.007606   81910     1.526     1.163     1.111     0.680     0.654     0.600     0.600     0.650  clickbench-url-1m-gen1-s42.contains.L4.s1e-1.r4
   8,7  0.031336  335383     1.294     1.625     1.597     1.045     1.034     0.924     0.933     0.932  clickbench-url-1m-gen1-s42.contains.L8.s0.3.r0
  17,5  0.001162   12169     1.706     0.908     0.897     0.788     0.851     0.719     0.759     0.763  clickbench-url-1m-gen1-s42.contains.L4.s1e-2.r2
  20,5  0.001077   11580     1.699     0.847     0.886     0.827     0.833     0.759     0.789     0.819  clickbench-url-1m-gen1-s42.contains.L4.s1e-2.r4
  26,6  0.007567   72902     1.692     1.486     1.507     1.202     1.176     1.051     1.116     1.114  clickbench-url-1m-gen1-s42.contains.L2.s1e-2.r2
