real column: 10845601 codes, 1000000 rows, max row len 353 codes

== real single-point queries (ns/code, best of 3; rows = queries sorted by coverage) ==
  coverage     hits     rows a1_row_ea a2_row_pu a3_row_bi a4_row_ch b1_codes_ b2_codes_ c1_bitset c2_codeid c3_block6  c4_sb128  c4_sb512 c4_sb2048 c4_sb8192  c5_bs512 sw3_word_ sw4_super r1_avx2_b r2_avx512 r3_avx512 r4_avx512 r5_avx512
  0.000000        3        3     1.569     1.446     1.383     1.495     0.671     1.977     0.997     0.762     0.955     0.214     0.218     0.173     0.175     0.967     0.527     0.266     0.172     0.165     0.136     0.330       n/a  clickbench-url-1m-gen1-s42.contains.L64.s0.r3
  0.000000        4        4     1.549     1.445     1.381     1.476     0.670     2.095     0.973     0.756     0.966     0.203     0.163     0.155     0.142     0.972     0.524     0.203     0.113     0.128     0.112     0.301       n/a  clickbench-url-1m-gen1-s42.contains.L32.s0.r0
  0.000000        5        5     1.544     1.418     1.352     1.454     0.658     1.918     0.990     0.769     0.956     0.192     0.148     0.152     0.170     0.951     0.511     0.210     0.105     0.115     0.101     0.249       n/a  clickbench-url-1m-gen1-s42.contains.L16.s0.r1
  0.000000        5        5     1.536     1.418     1.363     1.462     0.660     1.918     0.975     0.759     0.984     0.221     0.193     0.178     0.166     0.960     0.520     0.255     0.161     0.163     0.127     0.308       n/a  clickbench-url-1m-gen1-s42.contains.L32.s0.r2
  0.000001       10       10     1.542     1.433     1.373     1.463     0.683     1.917     0.975     0.771     0.964     0.241     0.219     0.209     0.177     0.975     0.536     0.254     0.168     0.170     0.141     0.305       n/a  clickbench-url-1m-gen1-s42.contains.L32.s0.r3
  0.000001       15       15     1.553     1.439     1.397     1.505     0.686     1.928     0.976     0.760     0.957     0.219     0.179     0.172     0.176     0.957     0.531     0.280     0.162     0.156     0.129     0.298       n/a  clickbench-url-1m-gen1-s42.contains.L32.s0.r4
  0.000002       22       22     1.552     1.443     1.373     1.474     0.662     1.923     0.975     0.781     0.963     0.206     0.184     0.183     0.205     1.080     0.561     0.308     0.164     0.163     0.140     0.320       n/a  clickbench-url-1m-gen1-s42.contains.L16.s0.r4
  0.000002       23       23     1.544     1.441     1.387     1.479     0.665     1.929     0.980     0.754     0.971     0.156     0.162     0.161     0.147     0.971     0.514     0.206     0.120     0.127     0.106     0.251       n/a  clickbench-url-1m-gen1-s42.contains.L32.s1e-5.r0
  0.000002       27       27     1.571     1.475     1.361     1.457     0.665     1.924     0.985     0.752     0.965     0.169     0.135     0.132     0.142     0.955     0.526     0.219     0.214     0.167     0.120     0.283       n/a  clickbench-url-1m-gen1-s42.contains.L64.s0.r4
  0.000003       31       31     1.586     1.435     1.371     1.458     0.661     1.905     0.981     0.760     0.975     0.205     0.175     0.198     0.188     0.981     0.529     0.260     0.145     0.156     0.163     0.301       n/a  clickbench-url-1m-gen1-s42.contains.L32.s0.r1
  0.000005       52       52     1.537     1.430     1.370     1.451     0.658     1.915     0.984     0.756     0.962     0.199     0.180     0.204     0.214     1.057     0.548     0.283     0.144     0.142     0.112     0.273       n/a  clickbench-url-1m-gen1-s42.contains.L32.s1e-5.r1
  0.000006       60       60     1.552     1.431     1.370     1.506     0.673     1.945     0.987     0.766     0.967     0.213     0.164     0.170     0.190     0.966     0.526     0.256     0.165     0.146     0.126     0.305       n/a  clickbench-url-1m-gen1-s42.contains.L8.s0.r2
  0.000007       71       70     1.552     1.438     1.371     1.452     0.684     2.005     0.974     0.765     0.999     0.201     0.145     0.141     0.166     0.995     0.538     0.281     0.166     0.175     0.138     0.297       n/a  clickbench-url-1m-gen1-s42.contains.L64.s0.r0
  0.000013      146      140     1.592     1.455     1.363     1.448     0.682     1.933     0.984     0.741     0.970     0.187     0.149     0.171     0.212     0.965     0.540     0.242     0.136     0.136     0.122     0.267       n/a  clickbench-url-1m-gen1-s42.contains.L16.s0.r0
  0.000014      152      151     1.553     1.425     1.382     1.480     0.690     1.948     1.007     0.800     0.980     0.185     0.149     0.163     0.247     0.989     0.541     0.251     0.131     0.142     0.126     0.357       n/a  clickbench-url-1m-gen1-s42.contains.L64.s1e-5.r2
  0.000022      235      235     1.541     1.439     1.378     1.469     0.704     1.953     0.998     0.757     0.978     0.215     0.209     0.214     0.270     0.991     0.536     0.197     0.110     0.126     0.111     0.258       n/a  clickbench-url-1m-gen1-s42.contains.L64.s1e-5.r1
  0.000024      264      263     1.543     1.441     1.375     1.482     0.690     1.916     0.999     0.769     0.979     0.187     0.154     0.206     0.311     0.975     0.517     0.272     0.137     0.140     0.120     0.258       n/a  clickbench-url-1m-gen1-s42.contains.L8.s0.r4
  0.000037      404      403     1.625     1.451     1.390     1.526     0.707     2.132     1.032     0.812     1.008     0.212     0.201     0.214     0.348     1.021     0.551     0.282     0.166     0.159     0.146     0.319       n/a  clickbench-url-1m-gen1-s42.contains.L4.s0.r2
  0.000075      817      817     1.561     1.444     1.373     1.491     0.688     1.920     1.015     0.777     0.996     0.248     0.212     0.213     0.317     0.988     0.520     0.232     0.130     0.169     0.148     0.287       n/a  clickbench-url-1m-gen1-s42.contains.L32.s1e-3.r2
  0.000077      835      833     1.538     1.647     1.398     1.574     0.819     2.026     1.083     0.799     1.011     0.246     0.209     0.224     0.327     0.990     0.549     0.304     0.190     0.189     0.144     0.293       n/a  clickbench-url-1m-gen1-s42.contains.L16.s1e-3.r3
  0.000081      874      874     1.552     1.430     1.363     1.453     0.747     1.935     1.033     0.809     1.021     0.230     0.193     0.215     0.491     1.036     0.562     0.276     0.136     0.141     0.119     0.421       n/a  clickbench-url-1m-gen1-s42.contains.L64.s1e-3.r0
