== real covers, P+R in 1..=8 (ns/code, best of 3) ==
   P,R  coverage    rows  a1t_rows b1t_codes   c4p_512  c4po_512   c4t_512  r2g_2cmp   r2g_sub   r6g_256   r6g_512
   1,0  0.000000       3     1.643     0.965     2.234     0.187     0.447     0.176     0.166     0.169     0.187  clickbench-url-1m-gen1-s42.contains.L64.s0.r3
   1,0  0.000000       4     1.578     0.947     2.203     0.228     0.462     0.200     0.170     0.254     0.171  clickbench-url-1m-gen1-s42.contains.L32.s0.r0
   1,0  0.000000       5     1.570     0.936     2.221     0.222     0.477     0.239     0.188     0.155     0.162  clickbench-url-1m-gen1-s42.contains.L16.s0.r1
   1,0  0.000000       5     1.573     0.947     2.262     0.218     0.452     0.194     0.185     0.158     0.215  clickbench-url-1m-gen1-s42.contains.L32.s0.r2
   1,0  0.000001      10     1.583     0.952     2.241     0.221     0.490     0.193     0.180     0.154     0.167  clickbench-url-1m-gen1-s42.contains.L32.s0.r3
   1,0  0.000001      15     1.573     0.952     2.205     0.183     0.453     0.171     0.146     0.133     0.150  clickbench-url-1m-gen1-s42.contains.L32.s0.r4
   1,0  0.000002      22     1.602     0.952     2.250     0.260     0.503     0.214     0.196     0.178     0.204  clickbench-url-1m-gen1-s42.contains.L16.s0.r4
   1,0  0.000002      23     1.581     0.953     2.226     0.319     0.693     0.210     0.178     0.170     0.198  clickbench-url-1m-gen1-s42.contains.L32.s1e-5.r0
   1,0  0.000002      27     1.583     0.947     2.224     0.238     0.491     0.214     0.222     0.186     0.195  clickbench-url-1m-gen1-s42.contains.L64.s0.r4
   1,0  0.000003      31     1.608     1.000     2.243     0.238     0.478     0.201     0.228     0.202     0.201  clickbench-url-1m-gen1-s42.contains.L32.s0.r1
   1,0  0.000005      52     1.593     0.952     2.333     0.275     0.519     0.257     0.224     0.198     0.203  clickbench-url-1m-gen1-s42.contains.L32.s1e-5.r1
   1,0  0.000006      60     1.573     0.959     2.266     0.206     0.445     0.232     0.181     0.160     0.167  clickbench-url-1m-gen1-s42.contains.L8.s0.r2
   1,0  0.000007      70     1.582     0.974     2.277     0.281     0.514     0.201     0.186     0.172     0.179  clickbench-url-1m-gen1-s42.contains.L64.s0.r0
   1,0  0.000013     140     1.563     0.959     2.236     0.271     0.515     0.242     0.231     0.233     0.242  clickbench-url-1m-gen1-s42.contains.L16.s0.r0
   1,0  0.000014     151     1.586     0.973     2.247     0.253     0.511     0.259     0.231     0.208     0.209  clickbench-url-1m-gen1-s42.contains.L64.s1e-5.r2
   1,0  0.000022     235     1.587     0.965     2.246     0.273     0.525     0.269     0.246     0.214     0.233  clickbench-url-1m-gen1-s42.contains.L64.s1e-5.r1
   1,0  0.000024     263     1.568     0.985     2.335     0.282     0.521     0.233     0.202     0.188     0.201  clickbench-url-1m-gen1-s42.contains.L8.s0.r4
   0,1  0.000028     309     1.593     0.971     2.271     0.274     0.525     0.227     0.198     0.188     0.189  clickbench-url-1m-gen1-s42.contains.L4.s0.r3
   1,0  0.000037     403     1.554     0.975     2.266     0.279     0.504     0.227     0.226     0.218     0.228  clickbench-url-1m-gen1-s42.contains.L4.s0.r2
   0,1  0.000069     749     1.582     1.010     2.339     0.348     0.575     0.246     0.225     0.184     0.201  clickbench-url-1m-gen1-s42.contains.L2.s0.r4
   1,0  0.000075     817     1.570     0.983     2.262     0.314     0.544     0.232     0.186     0.184     0.229  clickbench-url-1m-gen1-s42.contains.L32.s1e-3.r2
   1,0  0.000077     833     1.600     0.986     2.271     0.248     0.521     0.212     0.206     0.198     0.202  clickbench-url-1m-gen1-s42.contains.L16.s1e-3.r3
   1,0  0.000081     874     1.566     1.016     2.398     0.334     0.620     0.277     0.238     0.220     0.264  clickbench-url-1m-gen1-s42.contains.L64.s1e-3.r0
   0,1  0.000091     988     1.625     1.019     2.333     0.316     0.557     0.221     0.221     0.222     0.226  clickbench-url-1m-gen1-s42.contains.L8.s1e-4.r1
   0,1  0.000156    1688     1.604     1.067     2.464     0.422     0.684     0.265     0.270     0.269     0.310  clickbench-url-1m-gen1-s42.contains.L32.s1e-3.r1
   0,1  0.000207    2249     1.578     1.002     2.355     0.363     0.688     0.293     0.287     0.256     0.301  clickbench-url-1m-gen1-s42.contains.L16.s1e-3.r1
   0,1  0.006588   57687     1.493     1.124     2.825     0.856     1.421     0.379     0.375     0.345     0.390  clickbench-url-1m-gen1-s42.contains.L2.s0.r3
   2,0  0.000003      38     1.623     0.983     3.159     0.340     0.525     0.238     0.238     0.218     0.218  clickbench-url-1m-gen1-s42.contains.L64.s1e-5.r0
   2,0  0.000012     126     1.574     0.957     3.022     0.334     0.524     0.224     0.175     0.144     0.147  clickbench-url-1m-gen1-s42.contains.L32.s1e-4.r0
   2,0  0.000012     131     1.677     1.098     3.028     0.347     0.516     0.209     0.191     0.188     0.241  clickbench-url-1m-gen1-s42.contains.L16.s1e-5.r0
   1,1  0.000017     181     1.592     0.986     3.348     0.372     0.532     0.255     0.232     0.235     0.230  clickbench-url-1m-gen1-s42.contains.L64.s1e-4.r0
   1,1  0.000017     183     1.560     0.965     3.176     0.321     0.494     0.227     0.248     0.258     0.231  clickbench-url-1m-gen1-s42.contains.L16.s1e-5.r1
   1,1  0.000051     555     1.651     1.009     3.307     0.395     0.555     0.276     0.267     0.284     0.276  clickbench-url-1m-gen1-s42.contains.L8.s0.r3
   1,1  0.000053     578     1.557     0.982     3.219     0.327     0.516     0.211     0.211     0.212     0.249  clickbench-url-1m-gen1-s42.contains.L8.s0.r0
   2,0  0.000092    1000     1.564     0.971     3.150     0.324     0.540     0.216     0.206     0.255     0.262  clickbench-url-1m-gen1-s42.contains.L16.s1e-3.r2
   0,2  0.001319   13860     1.562     1.025     3.496     0.688     1.154     0.315     0.290     0.317     0.349  clickbench-url-1m-gen1-s42.contains.L4.s1e-5.r0
   2,0  0.005445   59051     1.640     1.131     3.456     0.777     1.189     0.415     0.406     0.413     0.455  clickbench-url-1m-gen1-s42.contains.L16.s1e-1.r3
   1,1  0.008893   96446     1.525     1.195     3.730     0.910     1.414     0.522     0.520     0.492     0.566  clickbench-url-1m-gen1-s42.contains.L32.s1e-1.r0
   2,0  0.030159  327081     1.195     1.544     4.059     1.266     1.714     0.642     0.641     0.582     0.607  clickbench-url-1m-gen1-s42.contains.L32.s0.3.r1
   3,0  0.000023     245     1.648     1.001     3.576     0.429     0.547     0.258     0.230     0.239     0.248  clickbench-url-1m-gen1-s42.contains.L8.s1e-4.r0
   3,0  0.000100    1080     1.573     1.030     3.611     0.432     0.619     0.281     0.230     0.287     0.314  clickbench-url-1m-gen1-s42.contains.L32.s1e-3.r0
   2,1  0.000207    2198     1.593     1.011     3.718     0.553     0.724     0.327     0.324     0.337     0.398  clickbench-url-1m-gen1-s42.contains.L32.s1e-5.r2
   3,0  0.000257    2776     1.774     1.071     3.734     0.520     0.654     0.315     0.306     0.300     0.333  clickbench-url-1m-gen1-s42.contains.L32.s1e-3.r3
   3,0  0.001015   11008     1.624     1.023     3.696     0.545     0.739     0.308     0.296     0.314     0.300  clickbench-url-1m-gen1-s42.contains.L32.s1e-2.r0
   1,2  0.001062   11240     1.559     1.036     4.352     0.760     1.014     0.305     0.302     0.351     0.372  clickbench-url-1m-gen1-s42.contains.L4.s1e-4.r0
   1,2  0.001245   13452     1.588     1.022     4.181     0.736     0.949     0.349     0.353     0.367     0.369  clickbench-url-1m-gen1-s42.contains.L4.s1e-2.r0
   2,1  0.001732   18586     1.624     1.041     3.900     0.792     1.069     0.341     0.329     0.347     0.385  clickbench-url-1m-gen1-s42.contains.L8.s1e-2.r1
   3,0  0.005459   59199     1.607     1.122     3.933     0.835     1.167     0.403     0.391     0.415     0.462  clickbench-url-1m-gen1-s42.contains.L16.s1e-1.r4
   2,1  0.005915   64151     1.578     1.144     4.046     0.841     1.286     0.448     0.434     0.444     0.457  clickbench-url-1m-gen1-s42.contains.L32.s1e-1.r3
   2,1  0.006996   75868     1.525     1.102     3.942     0.748     1.040     0.374     0.337     0.361     0.387  clickbench-url-1m-gen1-s42.contains.L16.s1e-1.r2
   2,1  0.007023   76145     1.545     1.097     3.908     0.746     1.036     0.351     0.362     0.402     0.423  clickbench-url-1m-gen1-s42.contains.L8.s1e-1.r0
   0,3  0.007810   84694     1.533     1.192     4.429     0.996     1.343     0.506     0.509     0.465     0.480  clickbench-url-1m-gen1-s42.contains.L32.s1e-1.r1
   1,2  0.007832   84902     1.527     1.166     4.397     0.944     1.364     0.532     0.525     0.526     0.513  clickbench-url-1m-gen1-s42.contains.L32.s1e-1.r2
   2,1  0.012864  139515     1.497     1.204     4.031     0.885     1.196     0.450     0.436     0.464     0.455  clickbench-url-1m-gen1-s42.contains.L16.s1e-1.r1
   1,2  0.012994  140839     1.495     1.200     4.429     0.958     1.270     0.450     0.460     0.472     0.465  clickbench-url-1m-gen1-s42.contains.L8.s1e-1.r1
   2,1  0.028406  307550     1.264     1.649     4.694     1.425     1.993     0.732     0.711     0.641     0.715  clickbench-url-1m-gen1-s42.contains.L32.s0.3.r0
   0,3  0.040396  401060     1.361     1.670     5.328     1.817     2.611     0.764     0.774     0.697     0.719  clickbench-url-1m-gen1-s42.contains.L16.s0.3.r4
   2,2  0.000036     386     1.622     0.985     4.205     0.518     0.534     0.265     0.240     0.262     0.243  clickbench-url-1m-gen1-s42.contains.L16.s1e-4.r0
   3,1  0.000359    3757     1.567     1.001     4.162     0.661     0.736     0.285     0.293     0.309     0.319  clickbench-url-1m-gen1-s42.contains.L16.s1e-3.r0
   1,3  0.001502   16091     1.554     1.037     4.966     0.850     1.089     0.349     0.306     0.333     0.367  clickbench-url-1m-gen1-s42.contains.L4.s1e-2.r1
   3,1  0.006447   69888     1.401     1.115     4.211     0.804     1.002     0.349     0.383     0.378     0.398  clickbench-url-1m-gen1-s42.contains.L8.s1e-1.r3
   1,3  0.008367   85869     1.395     1.139     5.126     1.072     1.476     0.446     0.421     0.413     0.429  clickbench-url-1m-gen1-s42.contains.L4.s1e-1.r3
   3,1  0.013065  141697     1.481     1.198     4.454     0.980     1.280     0.447     0.436     0.436     0.459  clickbench-url-1m-gen1-s42.contains.L8.s1e-1.r4
   2,2  0.031059  336043     1.180     1.533     5.099     1.487     1.754     0.661     0.646     0.603     0.622  clickbench-url-1m-gen1-s42.contains.L16.s0.3.r3
   5,0  0.000162    1545     1.577     1.007     4.237     0.647     0.662     0.313     0.300     0.326     0.344  clickbench-url-1m-gen1-s42.contains.L4.s0.r1
   4,1  0.006608   69830     1.423     1.164     4.300     0.987     1.092     0.419     0.403     0.429     0.468  clickbench-url-1m-gen1-s42.contains.L4.s1e-1.r0
   4,1  0.008898   96500     1.588     1.232     4.259     1.187     1.442     0.576     0.572     0.573     0.568  clickbench-url-1m-gen1-s42.contains.L16.s1e-1.r0
   5,1  0.000104    1122     1.623     1.022     4.971     0.775     0.663     0.377     0.360     0.376     0.406  clickbench-url-1m-gen1-s42.contains.L16.s1e-5.r2
   3,3  0.031092  336192     1.230     1.583     6.270     1.675     1.795     0.721     0.727     0.664     0.688  clickbench-url-1m-gen1-s42.contains.L16.s0.3.r0
   6,0  0.031517  341256     1.188     1.550     5.773     1.559     1.776     0.751     0.702     0.631     0.642  clickbench-url-1m-gen1-s42.contains.L16.s0.3.r1
   6,0  0.031517  341256     1.243     1.528     5.669     1.562     1.740     0.681     0.684     0.625     0.657  clickbench-url-1m-gen1-s42.contains.L16.s0.3.r2
   3,4  0.000994   10200     1.629     1.036     7.103     1.177     1.073     0.425     0.410     0.450     0.459  clickbench-url-1m-gen1-s42.contains.L8.s1e-2.r0
   3,4  0.001800   19422     1.595     1.062     7.403     1.285     1.304     0.418     0.419     0.471     0.468  clickbench-url-1m-gen1-s42.contains.L8.s1e-2.r3
   2,5  0.035669  367067     1.170     1.691     8.188     2.136     2.342     0.841     0.815     0.804     0.735  clickbench-url-1m-gen1-s42.contains.L8.s0.3.r2
   5,2  0.044474  481961     1.171     1.524     6.397     1.600     1.618     0.668     0.669     0.636     0.627  clickbench-url-1m-gen1-s42.contains.L8.s0.5.r1
   5,2  0.044499  482473     1.163     1.524     6.254     1.598     1.609     0.684     0.683     0.646     0.638  clickbench-url-1m-gen1-s42.contains.L4.s0.5.r1
   4,4  0.031524  339965     1.194     1.537     7.451     2.086     1.974     0.785     0.752     0.720     0.733  clickbench-url-1m-gen1-s42.contains.L8.s1e-2.r2
   7,1  0.044438  481819     1.165     1.522     5.766     1.653     1.595     0.673     0.662     0.629     0.607  clickbench-url-1m-gen1-s42.contains.L8.s0.5.r0
   2,6  0.052599  371331     1.442     2.081     9.198     2.700     3.115     1.238     1.226     0.955     0.920  clickbench-url-1m-gen1-s42.contains.L4.s1e-1.r1
