real column: 10845601 codes, 1000000 rows, max row len 353 codes

== real single-point queries (ns/code, best of 3; rows = queries sorted by coverage) ==
  coverage     hits     rows a1_row_ea a2_row_pu a3_row_bi a4_row_ch b1_codes_ b2_codes_ c1_bitset c2_codeid c3_block6  c4_sb128  c4_sb512 c4_sb2048 c4_sb8192  c5_bs512 sw3_word_ sw4_super r1_avx2_b r2_avx512 r3_avx512 r4_avx512 r5_avx512  r6_sb256  r6_sb512
  0.000000        3        3     1.712     1.500     1.388     1.519     0.698     2.048     1.013     0.781     0.971     0.246     0.250     0.202     0.227     0.983     0.553     0.294     0.185     0.209     0.173     0.372       n/a     0.141     0.125  clickbench-url-1m-gen1-s42.contains.L64.s0.r3
  0.000000        4        4     1.724     1.575     1.385     1.506     0.662     1.967     0.975     0.783     0.976     0.253     0.226     0.214     0.209     0.988     0.526     0.294     0.179     0.202     0.185     0.345       n/a     0.155     0.124  clickbench-url-1m-gen1-s42.contains.L32.s0.r0
  0.000000        5        5     1.655     1.514     1.396     1.488     0.672     1.961     0.970     0.760     0.947     0.230     0.180     0.201     0.223     0.962     0.532     0.267     0.160     0.187     0.142     0.345       n/a     0.165     0.130  clickbench-url-1m-gen1-s42.contains.L16.s0.r1
  0.000000        5        5     1.670     1.529     1.386     1.502     0.672     1.973     0.992     0.772     0.965     0.262     0.249     0.240     0.227     0.985     0.589     0.305     0.193     0.191     0.165     0.352       n/a     0.155     0.141  clickbench-url-1m-gen1-s42.contains.L32.s0.r2
  0.000001       10       10     1.683     1.543     1.428     1.516     0.669     1.958     0.984     0.777     0.971     0.233     0.219     0.211     0.226     0.967     0.524     0.271     0.163     0.154     0.123     0.262       n/a     0.112     0.108  clickbench-url-1m-gen1-s42.contains.L32.s0.r3
  0.000001       15       15     1.635     1.493     1.374     1.486     0.663     1.955     0.987     0.780     0.983     0.219     0.197     0.216     0.205     0.988     0.539     0.246     0.153     0.169     0.128     0.277       n/a     0.110     0.108  clickbench-url-1m-gen1-s42.contains.L32.s0.r4
  0.000002       22       22     1.625     1.496     1.407     1.520     0.694     2.002     0.995     0.764     0.975     0.245     0.225     0.228     0.206     0.995     0.553     0.303     0.210     0.217     0.178     0.326       n/a     0.129     0.109  clickbench-url-1m-gen1-s42.contains.L16.s0.r4
  0.000002       23       23     1.658     1.524     1.399     1.508     0.698     2.005     1.001     0.771     0.973     0.239     0.221     0.209     0.223     0.988     0.550     0.282     0.169     0.158     0.150     0.345       n/a     0.139     0.119  clickbench-url-1m-gen1-s42.contains.L32.s1e-5.r0
  0.000002       27       27     1.666     1.521     1.365     1.522     0.690     1.994     1.009     0.798     0.985     0.245     0.229     0.221     0.205     0.978     0.538     0.297     0.182     0.193     0.182     0.378       n/a     0.166     0.133  clickbench-url-1m-gen1-s42.contains.L64.s0.r4
  0.000003       31       31     1.673     1.526     1.392     1.488     0.679     2.066     1.007     0.785     0.994     0.254     0.221     0.232     0.251     0.997     0.559     0.293     0.203     0.217     0.181     0.346       n/a     0.167     0.160  clickbench-url-1m-gen1-s42.contains.L32.s0.r1
  0.000005       52       52     1.741     1.533     1.414     1.536     0.703     1.985     0.998     0.773     0.986     0.258     0.250     0.263     0.273     0.994     0.553     0.303     0.206     0.217     0.195     0.341       n/a     0.133     0.126  clickbench-url-1m-gen1-s42.contains.L32.s1e-5.r1
  0.000006       60       60     1.661     1.508     1.390     1.482     0.674     1.952     0.990     0.755     1.000     0.226     0.190     0.191     0.214     1.000     0.544     0.253     0.148     0.168     0.138     0.302       n/a     0.124     0.116  clickbench-url-1m-gen1-s42.contains.L8.s0.r2
  0.000007       71       70     1.648     1.496     1.376     1.501     0.691     1.962     0.982     0.762     0.973     0.233     0.202     0.219     0.249     0.974     0.546     0.257     0.165     0.172     0.131     0.292       n/a     0.170     0.127  clickbench-url-1m-gen1-s42.contains.L64.s0.r0
  0.000013      146      140     1.641     1.514     1.398     1.473     0.681     1.996     0.992     0.760     0.992     0.256     0.230     0.235     0.273     0.989     0.554     0.286     0.205     0.199     0.199     0.379       n/a     0.224     0.194  clickbench-url-1m-gen1-s42.contains.L16.s0.r0
  0.000014      152      151     1.639     1.528     1.402     1.507     0.696     1.961     0.992     0.773     0.993     0.221     0.194     0.207     0.253     0.988     0.575     0.324     0.160     0.164     0.138     0.308       n/a     0.136     0.123  clickbench-url-1m-gen1-s42.contains.L64.s1e-5.r2
  0.000022      235      235     1.652     1.568     1.436     1.525     0.708     2.008     1.006     0.780     0.997     0.267     0.245     0.247     0.280     1.022     0.571     0.320     0.210     0.251     0.245     0.361       n/a     0.181     0.147  clickbench-url-1m-gen1-s42.contains.L64.s1e-5.r1
  0.000024      264      263     1.702     1.546     1.450     1.525     0.731     2.003     1.017     0.787     1.021     0.288     0.272     0.239     0.330     1.001     0.571     0.322     0.212     0.211     0.175     0.380       n/a     0.172     0.152  clickbench-url-1m-gen1-s42.contains.L8.s0.r4
  0.000037      404      403     1.696     1.536     1.410     1.492     0.707     1.985     1.047     0.820     1.029     0.298     0.271     0.298     0.385     1.022     0.593     0.349     0.216     0.216     0.191     0.379       n/a     0.140     0.129  clickbench-url-1m-gen1-s42.contains.L4.s0.r2
  0.000075      817      817     1.655     1.505     1.401     1.515     0.720     2.010     1.041     0.795     1.001     0.302     0.240     0.252     0.356     1.032     0.562     0.342     0.220     0.225     0.189     0.359       n/a     0.166     0.138  clickbench-url-1m-gen1-s42.contains.L32.s1e-3.r2
  0.000077      835      833     1.647     1.497     1.388     1.482     0.701     1.936     0.998     0.784     1.007     0.253     0.222     0.267     0.355     1.004     0.557     0.315     0.175     0.197     0.160     0.369       n/a     0.152     0.139  clickbench-url-1m-gen1-s42.contains.L16.s1e-3.r3
  0.000081      874      874     1.666     1.524     1.398     1.533     0.755     1.976     1.063     0.841     1.033     0.303     0.340     0.329     0.527     1.052     0.602     0.351     0.195     0.209     0.202     0.424       n/a     0.228     0.193  clickbench-url-1m-gen1-s42.contains.L64.s1e-3.r0
